9664.928387298696
10089.468676380555
10224.991701482933
8954.07677708061
9015.06690069879
9156.68974316688
9254.362202886494
10165.693094307226
8882.734652355286
9091.985108201001
9080.67941551106
9069.00290965137
9101.368617659145
9052.737610176884
9078.688995552571
9034.6120325487
9059.085069171
9028.443156292089
9025.768392055179
9010.47313262175
9025.66931726407
9037.71019658733
9095.896396301901
9139.885617462594
9115.31882150155
9115.80201122847
9094.907785591147
9095.869211648529
9081.00672105587
9098.935940080339
9075.727735114759
9092.46806284252
9185.1433372176
9360.32332061853
9391.78479186668
9168.090112125516
9883.3478429109
9113.08812650355
9151.392140467096
9129.13869227002
9151.638900031367
9052.54804545503
8916.739125141496
8912.307413871375
9057.32081372334
8926.37504117663
8910.962669457149
8899.342142766955
8912.08619710401
8899.06674083882
8901.35945186702
8927.465401902204
8931.100976347176
8948.834359058515
8942.40541737138
8956.13549729028
8978.19979122483
8918.523363224214
8920.192843921539
8938.42940845247
